[gd_scene format=3 uid="uid://bmrpoi7bc0v2x"]

[ext_resource type="PackedScene" uid="uid://dfi3off64iusc" path="res://assets/player_character/valerie_anim02/PC RIG.fbx" id="1_l433w"]
[ext_resource type="Script" uid="uid://b1oekfl5w8nyd" path="res://scenes/valerie.gd" id="2_7i0dl"]
[ext_resource type="Animation" uid="uid://ctmr4ax23gnf" path="res://assets/player_character/valerie_anim02/02GLIDE.res" id="2_riskd"]
[ext_resource type="Animation" uid="uid://dpug8gpjmrdbe" path="res://assets/player_character/valerie_anim02/04TURNRIGHT.res" id="3_7i0dl"]
[ext_resource type="Animation" uid="uid://qdkc50uakcwg" path="res://assets/player_character/valerie_anim02/06TURNLEFT.res" id="4_fcl0u"]
[ext_resource type="Animation" uid="uid://66c2gaorh0gj" path="res://assets/player_character/valerie_anim02/IDLE.res" id="5_ropus"]
[ext_resource type="Animation" uid="uid://ceyopkidb7iui" path="res://assets/player_character/valerie_anim02/SKATECYCLE.res" id="6_682pp"]

[sub_resource type="AnimationLibrary" id="AnimationLibrary_xr7e8"]
_data = {
&"02GLIDE": ExtResource("2_riskd"),
&"04TURNRIGHT": ExtResource("3_7i0dl"),
&"06TURNLEFT": ExtResource("4_fcl0u"),
&"IDLE": ExtResource("5_ropus"),
&"SKATECYCLE": ExtResource("6_682pp")
}

[sub_resource type="AnimationNodeBlend2" id="AnimationNodeBlend2_7i0dl"]

[sub_resource type="AnimationNodeAnimation" id="AnimationNodeAnimation_ropus"]
animation = &"valerie_anim02/SKATECYCLE"

[sub_resource type="AnimationNodeAnimation" id="AnimationNodeAnimation_b0yvp"]
animation = &"valerie_anim02/06TURNLEFT"

[sub_resource type="AnimationNodeBlendTree" id="AnimationNodeBlendTree_bfm4i"]
graph_offset = Vector2(-358.434, -80.6052)
nodes/output/position = Vector2(760, 160)
nodes/Blend2/node = SubResource("AnimationNodeBlend2_7i0dl")
nodes/Blend2/position = Vector2(480, 120)
nodes/skate_cycle/node = SubResource("AnimationNodeAnimation_ropus")
nodes/skate_cycle/position = Vector2(100, 40)
nodes/turn_left/node = SubResource("AnimationNodeAnimation_b0yvp")
nodes/turn_left/position = Vector2(100, 380)
node_connections = [&"output", 0, &"Blend2", &"Blend2", 0, &"skate_cycle", &"Blend2", 1, &"turn_left"]

[sub_resource type="AnimationNodeBlend2" id="AnimationNodeBlend2_riskd"]

[sub_resource type="AnimationNodeAnimation" id="AnimationNodeAnimation_v0c5h"]
animation = &"valerie_anim02/04TURNRIGHT"

[sub_resource type="AnimationNodeAnimation" id="AnimationNodeAnimation_fa7ah"]
animation = &"valerie_anim02/SKATECYCLE"

[sub_resource type="AnimationNodeBlendTree" id="AnimationNodeBlendTree_b0yvp"]
graph_offset = Vector2(-223, 21)
nodes/output/position = Vector2(720, 220)
nodes/Blend2/node = SubResource("AnimationNodeBlend2_riskd")
nodes/Blend2/position = Vector2(420, 160)
nodes/TurnRight/node = SubResource("AnimationNodeAnimation_v0c5h")
nodes/TurnRight/position = Vector2(20, 280)
nodes/skate_cycle/node = SubResource("AnimationNodeAnimation_fa7ah")
nodes/skate_cycle/position = Vector2(40, 80)
node_connections = [&"output", 0, &"Blend2", &"Blend2", 0, &"skate_cycle", &"Blend2", 1, &"TurnRight"]

[sub_resource type="AnimationNodeAnimation" id="AnimationNodeAnimation_682pp"]
animation = &"valerie_anim02/SKATECYCLE"

[sub_resource type="AnimationNodeBlend3" id="AnimationNodeBlend3_riskd"]

[sub_resource type="AnimationNodeAnimation" id="AnimationNodeAnimation_bfm4i"]
animation = &"valerie_anim02/06TURNLEFT"

[sub_resource type="AnimationNodeAnimation" id="AnimationNodeAnimation_0pvkb"]
animation = &"valerie_anim02/04TURNRIGHT"

[sub_resource type="AnimationNodeBlendTree" id="AnimationNodeBlendTree_tiysj"]
graph_offset = Vector2(-612.496, -34.8264)
nodes/output/position = Vector2(600, 220)
nodes/skate_cycle/node = SubResource("AnimationNodeAnimation_682pp")
nodes/skate_cycle/position = Vector2(-400, 240)
nodes/skate_direction_anim_blend/node = SubResource("AnimationNodeBlend3_riskd")
nodes/skate_direction_anim_blend/position = Vector2(120, 160)
nodes/turn_left/node = SubResource("AnimationNodeAnimation_bfm4i")
nodes/turn_left/position = Vector2(-400, 420)
nodes/turn_right/node = SubResource("AnimationNodeAnimation_0pvkb")
nodes/turn_right/position = Vector2(-420, 60)
node_connections = [&"output", 0, &"skate_direction_anim_blend", &"skate_direction_anim_blend", 0, &"turn_right", &"skate_direction_anim_blend", 1, &"skate_cycle", &"skate_direction_anim_blend", 2, &"turn_left"]

[sub_resource type="AnimationNodeAnimation" id="AnimationNodeAnimation_xr7e8"]
animation = &"valerie_anim02/IDLE"

[sub_resource type="AnimationNodeAnimation" id="AnimationNodeAnimation_7i0dl"]
animation = &"valerie_anim02/IDLE"

[sub_resource type="AnimationNodeAnimation" id="AnimationNodeAnimation_fcl0u"]
animation = &"valerie_anim02/SKATECYCLE"

[sub_resource type="AnimationNodeStateMachineTransition" id="AnimationNodeStateMachineTransition_7i0dl"]
advance_mode = 2

[sub_resource type="AnimationNodeStateMachineTransition" id="AnimationNodeStateMachineTransition_v4gb1"]
xfade_time = 0.2
switch_mode = 1
advance_mode = 2
advance_expression = "parent_model.current_state.turning_direction == \"straight\""

[sub_resource type="AnimationNodeStateMachineTransition" id="AnimationNodeStateMachineTransition_ropus"]
xfade_time = 0.2
switch_mode = 1
advance_mode = 2
advance_expression = "parent_model.current_state.turning_direction == \"straight\""

[sub_resource type="AnimationNodeStateMachineTransition" id="AnimationNodeStateMachineTransition_re18b"]
xfade_time = 0.3
switch_mode = 1
advance_mode = 2
advance_expression = "parent_model.current_state.turning_direction == \"right\""

[sub_resource type="AnimationNodeStateMachineTransition" id="AnimationNodeStateMachineTransition_fcl0u"]
xfade_time = 0.3
switch_mode = 1
advance_mode = 2
advance_expression = "parent_model.current_state.turning_direction == \"left\""

[sub_resource type="AnimationNodeStateMachineTransition" id="AnimationNodeStateMachineTransition_qeohi"]
xfade_time = 0.1
advance_mode = 2
advance_expression = "parent_model.current_state == parent_model.states[\"skate\"]"

[sub_resource type="AnimationNodeStateMachineTransition" id="AnimationNodeStateMachineTransition_fa7ah"]
xfade_time = 0.1
advance_mode = 2
advance_expression = "parent_model.current_state == parent_model.states[\"idle\"]"

[sub_resource type="Curve" id="Curve_riskd"]
_data = [Vector2(0, 0), 0.0, 0.0, 0, 0, Vector2(0.344371, 0.0428938), 0.124557, 0.613035, 1, 0, Vector2(1, 1), 0.0, 0.0, 0, 0]
point_count = 3

[sub_resource type="AnimationNodeStateMachineTransition" id="AnimationNodeStateMachineTransition_riskd"]
xfade_time = 0.5
xfade_curve = SubResource("Curve_riskd")
priority = 2
advance_mode = 2
advance_expression = "parent_model.current_state.is_gliding"

[sub_resource type="AnimationNodeStateMachineTransition" id="AnimationNodeStateMachineTransition_682pp"]
xfade_time = 0.1
advance_mode = 2
advance_expression = "!parent_model.current_state.is_gliding"

[sub_resource type="AnimationNodeStateMachine" id="AnimationNodeStateMachine_xr7e8"]
states/End/position = Vector2(1425, 174)
states/Start/position = Vector2(-361, 200)
states/TurnLeftBlendTree/node = SubResource("AnimationNodeBlendTree_bfm4i")
states/TurnLeftBlendTree/position = Vector2(1006.15, 101)
states/TurnRightBlendTree/node = SubResource("AnimationNodeBlendTree_b0yvp")
states/TurnRightBlendTree/position = Vector2(1281.15, 210)
states/skating/node = SubResource("AnimationNodeBlendTree_tiysj")
states/skating/position = Vector2(22.152, 300)
states/valerie_anim02_IDLE/node = SubResource("AnimationNodeAnimation_7i0dl")
states/valerie_anim02_IDLE/position = Vector2(-169, 200)
"states/valerie_anim02_IDLE 2/node" = SubResource("AnimationNodeAnimation_xr7e8")
"states/valerie_anim02_IDLE 2/position" = Vector2(206, 401)
states/valerie_anim02_SKATECYCLE/node = SubResource("AnimationNodeAnimation_fcl0u")
states/valerie_anim02_SKATECYCLE/position = Vector2(727, 204)
transitions = ["Start", "valerie_anim02_IDLE", SubResource("AnimationNodeStateMachineTransition_7i0dl"), "TurnRightBlendTree", "valerie_anim02_SKATECYCLE", SubResource("AnimationNodeStateMachineTransition_v4gb1"), "TurnLeftBlendTree", "valerie_anim02_SKATECYCLE", SubResource("AnimationNodeStateMachineTransition_ropus"), "valerie_anim02_SKATECYCLE", "TurnRightBlendTree", SubResource("AnimationNodeStateMachineTransition_re18b"), "valerie_anim02_SKATECYCLE", "TurnLeftBlendTree", SubResource("AnimationNodeStateMachineTransition_fcl0u"), "valerie_anim02_IDLE", "skating", SubResource("AnimationNodeStateMachineTransition_qeohi"), "skating", "valerie_anim02_IDLE", SubResource("AnimationNodeStateMachineTransition_fa7ah"), "skating", "valerie_anim02_IDLE 2", SubResource("AnimationNodeStateMachineTransition_riskd"), "valerie_anim02_IDLE 2", "skating", SubResource("AnimationNodeStateMachineTransition_682pp")]
graph_offset = Vector2(-578.848, 36)

[node name="Valerie01" unique_id=826879842 instance=ExtResource("1_l433w")]
script = ExtResource("2_7i0dl")

[node name="rig04_0001_FitSkeleton" parent="rig04_0001_Group" parent_id_path=PackedInt32Array(158132719) index="0" unique_id=665242983]
visible = false

[node name="rig04_0001_MotionSystem" parent="rig04_0001_Group" parent_id_path=PackedInt32Array(158132719) index="1" unique_id=1136799598]
visible = false

[node name="rig04_0001_FKParentConstraintToChest_M" parent="rig04_0001_Group/rig04_0001_MotionSystem/rig04_0001_FKSystem" parent_id_path=PackedInt32Array(67008977) index="0" unique_id=904251656]
transform = Transform3D(-0.0044823806, -0.001070113, 0.99999, 0.99594146, -0.08989614, 0.00436804, 0.08989053, 0.9959503, 0.0014687204, 0.068546504, 1.3936688, 0.038579848)

[node name="rig04_0001_FKPS1Head_M" parent="rig04_0001_Group/rig04_0001_MotionSystem/rig04_0001_FKSystem/rig04_0001_FKParentConstraintToChest_M/rig04_0001_FKOffsetNeck_M/Skeleton3D" parent_id_path=PackedInt32Array(1502428354) index="0" unique_id=1547318260]
transform = Transform3D(1, -6.9388935e-18, 0, 6.9388935e-18, 1, 0, 0, 0, 1, 0.06580405, -2.1278231e-16, -1.5986026e-17)
bone_idx = 10

[node name="rig04_0001_FKPS1NeckPart2_M" parent="rig04_0001_Group/rig04_0001_MotionSystem/rig04_0001_FKSystem/rig04_0001_FKParentConstraintToChest_M/rig04_0001_FKOffsetNeck_M/Skeleton3D" parent_id_path=PackedInt32Array(1502428354) index="1" unique_id=2105061245]
transform = Transform3D(1, -6.9388935e-18, 0, 6.9388935e-18, 1, 0, 0, 0, 1, 0.032902025, -7.090207e-17, -7.993013e-18)
bone_idx = 5

[node name="rig04_0001_FKPS1NeckPart1_M" parent="rig04_0001_Group/rig04_0001_MotionSystem/rig04_0001_FKSystem/rig04_0001_FKParentConstraintToChest_M/rig04_0001_FKOffsetNeck_M/Skeleton3D" parent_id_path=PackedInt32Array(1502428354) index="2" unique_id=775932124]
transform = Transform3D(1, -4.625929e-18, 0, 4.625929e-18, 1, 0, 0, 0, 1, 0, 0, 0)
bone_idx = 0

[node name="rig04_0001_FKScapula_R" parent="rig04_0001_Group/rig04_0001_MotionSystem/rig04_0001_FKSystem/rig04_0001_FKParentConstraintToChest_M/rig04_0001_FKOffsetScapula_R/rig04_0001_FKExtraScapula_R" parent_id_path=PackedInt32Array(1502568046) index="0" unique_id=1202124192]
transform = Transform3D(0.99076945, -0.13555728, 0.00074041786, 0.13475484, 0.98546857, 0.1034049, -0.014746968, -0.10235072, 0.99463797, 0, 0, 0)

[node name="Skeleton3D" parent="rig04_0001_Group/rig04_0001_MotionSystem/rig04_0001_FKSystem/rig04_0001_FKParentConstraintToChest_M/rig04_0001_FKOffsetScapula_R/rig04_0001_FKExtraScapula_R/rig04_0001_FKScapula_R" index="0" unique_id=1121712942]
bones/3/rotation = Quaternion(-0.0027589586, 0.036087353, -0.05057227, 0.99806446)
bones/7/rotation = Quaternion(-0.023574188, -0.060620777, 0.022395365, 0.9976312)
bones/8/rotation = Quaternion(0.0179168, -0.0848445, 0.121572, 0.988787)
bones/11/rotation = Quaternion(-0.012046159, -0.003989315, 0.000815721, 0.9999192)
bones/12/rotation = Quaternion(0.0355122, 0.109341, 0.132287, 0.984522)

[node name="rig04_0001_AlignIKToShoulder_R" parent="rig04_0001_Group/rig04_0001_MotionSystem/rig04_0001_FKSystem/rig04_0001_FKParentConstraintToChest_M/rig04_0001_FKOffsetScapula_R/rig04_0001_FKExtraScapula_R/rig04_0001_FKScapula_R/Skeleton3D" index="0" unique_id=49036961]
transform = Transform3D(0.7684667, -0.35361615, 0.5333054, -0.08840571, 0.7667692, 0.6358061, -0.6337534, -0.53574306, 0.5579749, 0.05525183, 7.3718807e-16, 8.5265126e-16)
bone_idx = 4

[node name="rig04_0001_AlignIKToWrist_R" parent="rig04_0001_Group/rig04_0001_MotionSystem/rig04_0001_FKSystem/rig04_0001_FKParentConstraintToChest_M/rig04_0001_FKOffsetScapula_R/rig04_0001_FKExtraScapula_R/rig04_0001_FKScapula_R/Skeleton3D" index="1" unique_id=1137597192]
transform = Transform3D(0.55374014, 0.0043305308, 0.8326784, 0.7183532, 0.5032414, -0.48032972, -0.42111835, 0.8641349, 0.27555406, 0.33568677, 0.06982706, -0.25107718)
bone_idx = 12

[node name="rig04_0001_FKPS1Wrist_R" parent="rig04_0001_Group/rig04_0001_MotionSystem/rig04_0001_FKSystem/rig04_0001_FKParentConstraintToChest_M/rig04_0001_FKOffsetScapula_R/rig04_0001_FKExtraScapula_R/rig04_0001_FKScapula_R/Skeleton3D" index="2" unique_id=735281803]
transform = Transform3D(0.6389653, -0.69577384, 0.32805818, 0.44491327, 0.6821751, 0.58024925, -0.62751544, -0.22480169, 0.7454452, 0.20986009, -0.017786399, -0.12750523)
bone_idx = 8

[node name="rig04_0001_FKPS1Elbow_R" parent="rig04_0001_Group/rig04_0001_MotionSystem/rig04_0001_FKSystem/rig04_0001_FKParentConstraintToChest_M/rig04_0001_FKOffsetScapula_R/rig04_0001_FKExtraScapula_R/rig04_0001_FKScapula_R/Skeleton3D" index="3" unique_id=1118942759]
transform = Transform3D(0.7684667, -0.35361615, 0.5333054, -0.08840571, 0.7667692, 0.6358061, -0.6337534, -0.53574306, 0.5579749, 0.05525183, 7.3718807e-16, 8.5265126e-16)
bone_idx = 4

[node name="rig04_0001_FKPS1Shoulder_R" parent="rig04_0001_Group/rig04_0001_MotionSystem/rig04_0001_FKSystem/rig04_0001_FKParentConstraintToChest_M/rig04_0001_FKOffsetScapula_R/rig04_0001_FKExtraScapula_R/rig04_0001_FKScapula_R/Skeleton3D" index="4" unique_id=178350402]
bone_idx = 0

[node name="rig04_0001_FKScapula_L" parent="rig04_0001_Group/rig04_0001_MotionSystem/rig04_0001_FKSystem/rig04_0001_FKParentConstraintToChest_M/rig04_0001_FKOffsetScapula_L/rig04_0001_FKExtraScapula_L" parent_id_path=PackedInt32Array(984742602) index="0" unique_id=389666356]
transform = Transform3D(0.9907523, -0.135616, 0.004069255, 0.13446523, 0.9854623, 0.10384064, -0.018092532, -0.1023332, 0.99458617, 0, 0, 0)

[node name="Skeleton3D" parent="rig04_0001_Group/rig04_0001_MotionSystem/rig04_0001_FKSystem/rig04_0001_FKParentConstraintToChest_M/rig04_0001_FKOffsetScapula_L/rig04_0001_FKExtraScapula_L/rig04_0001_FKScapula_L" index="0" unique_id=1104027973]
bones/3/rotation = Quaternion(-0.0027589586, 0.036087353, -0.05057227, 0.99806446)
bones/7/rotation = Quaternion(-0.09749626, -0.06908802, 0.049739216, 0.99158835)
bones/8/rotation = Quaternion(0.0298343, -0.0689239, 0.12607, 0.989174)
bones/11/rotation = Quaternion(-0.012046159, -0.003989315, 0.000815721, 0.9999192)
bones/12/rotation = Quaternion(0.0355122, 0.109341, 0.132287, 0.984522)

[node name="rig04_0001_AlignIKToShoulder_L" parent="rig04_0001_Group/rig04_0001_MotionSystem/rig04_0001_FKSystem/rig04_0001_FKParentConstraintToChest_M/rig04_0001_FKOffsetScapula_L/rig04_0001_FKExtraScapula_L/rig04_0001_FKScapula_L/Skeleton3D" index="0" unique_id=629525505]
transform = Transform3D(0.7684667, -0.35361615, 0.5333054, -0.08840571, 0.7667692, 0.6358061, -0.6337534, -0.53574306, 0.5579749, -0.05525183, -8.348877e-16, 5.684342e-16)
bone_idx = 4

[node name="rig04_0001_AlignIKToWrist_L" parent="rig04_0001_Group/rig04_0001_MotionSystem/rig04_0001_FKSystem/rig04_0001_FKParentConstraintToChest_M/rig04_0001_FKOffsetScapula_L/rig04_0001_FKExtraScapula_L/rig04_0001_FKScapula_L/Skeleton3D" index="1" unique_id=16344160]
transform = Transform3D(0.44533786, -0.025653109, 0.89499503, 0.7459731, 0.5634476, -0.3550364, -0.49517515, 0.82575333, 0.27006108, -0.31931826, -0.07477373, 0.26252383)
bone_idx = 12

[node name="rig04_0001_FKPS1Wrist_L" parent="rig04_0001_Group/rig04_0001_MotionSystem/rig04_0001_FKSystem/rig04_0001_FKParentConstraintToChest_M/rig04_0001_FKOffsetScapula_L/rig04_0001_FKExtraScapula_L/rig04_0001_FKScapula_L/Skeleton3D" index="2" unique_id=43998868]
transform = Transform3D(0.55584383, -0.78215426, 0.2815536, 0.47003314, 0.5750696, 0.6695996, -0.68564314, -0.23985325, 0.6872873, -0.20986009, 0.017786399, 0.12750523)
bone_idx = 8

[node name="rig04_0001_FKPS1Elbow_L" parent="rig04_0001_Group/rig04_0001_MotionSystem/rig04_0001_FKSystem/rig04_0001_FKParentConstraintToChest_M/rig04_0001_FKOffsetScapula_L/rig04_0001_FKExtraScapula_L/rig04_0001_FKScapula_L/Skeleton3D" index="3" unique_id=1070184153]
transform = Transform3D(0.7684667, -0.35361615, 0.5333054, -0.08840571, 0.7667692, 0.6358061, -0.6337534, -0.53574306, 0.5579749, -0.05525183, -8.348877e-16, 5.684342e-16)
bone_idx = 4

[node name="rig04_0001_FKPS1Shoulder_L" parent="rig04_0001_Group/rig04_0001_MotionSystem/rig04_0001_FKSystem/rig04_0001_FKParentConstraintToChest_M/rig04_0001_FKOffsetScapula_L/rig04_0001_FKExtraScapula_L/rig04_0001_FKScapula_L/Skeleton3D" index="4" unique_id=1371738492]
bone_idx = 0

[node name="rig04_0001_FKParentConstraintToWrist_R" parent="rig04_0001_Group/rig04_0001_MotionSystem/rig04_0001_FKSystem" parent_id_path=PackedInt32Array(67008977) index="1" unique_id=1114362016]
transform = Transform3D(-0.5156375, -0.5029475, -0.6936578, -0.83158195, 0.098768175, 0.5465496, -0.20637473, 0.8586553, -0.46916983, -0.20268609, 1.1096404, -0.092736624)

[node name="rig04_0001_FKParentConstraintToRoot_M" parent="rig04_0001_Group/rig04_0001_MotionSystem/rig04_0001_FKSystem" parent_id_path=PackedInt32Array(67008977) index="2" unique_id=227751555]
transform = Transform3D(-0.11285917, -0.00024193517, 0.9936118, 0.95790136, -0.26570797, 0.10873851, 0.2639841, 0.96405315, 0.03021937, 0.078284666, 1.115397, -0.026326353)

[node name="rig04_0001_AlignIKToHip_R" parent="rig04_0001_Group/rig04_0001_MotionSystem/rig04_0001_FKSystem/rig04_0001_FKParentConstraintToRoot_M/rig04_0001_FKOffsetHip_R/rig04_0001_FKExtraHip_R/rig04_0001_FKHip_R/Skeleton3D" parent_id_path=PackedInt32Array(21849361) index="0" unique_id=388535921]
bone_idx = 0

[node name="rig04_0001_AlignIKToAnkle_R" parent="rig04_0001_Group/rig04_0001_MotionSystem/rig04_0001_FKSystem/rig04_0001_FKParentConstraintToRoot_M/rig04_0001_FKOffsetHip_R/rig04_0001_FKExtraHip_R/rig04_0001_FKHip_R/Skeleton3D" parent_id_path=PackedInt32Array(21849361) index="1" unique_id=1090754962]
transform = Transform3D(0.99686855, 0.07733898, 0.016479729, -0.0724191, 0.9766017, -0.20249514, -0.03175491, 0.20066762, 0.9791445, 0.9563559, -0.072997935, 5.3290704e-17)
bone_idx = 8

[node name="rig04_0001_AlignIKToToes_R" parent="rig04_0001_Group/rig04_0001_MotionSystem/rig04_0001_FKSystem/rig04_0001_FKParentConstraintToRoot_M/rig04_0001_FKOffsetHip_R/rig04_0001_FKExtraHip_R/rig04_0001_FKHip_R/Skeleton3D" parent_id_path=PackedInt32Array(21849361) index="2" unique_id=18714711]
transform = Transform3D(0.5814636, -0.813431, 0.015158649, 0.7956819, 0.56469256, -0.21911728, 0.16967686, 0.1394702, 0.97558063, 1.0461274, 0.03995967, 0.021849643)
bone_idx = 12

[node name="rig04_0001_FKPS1Ankle_R" parent="rig04_0001_Group/rig04_0001_MotionSystem/rig04_0001_FKSystem/rig04_0001_FKParentConstraintToRoot_M/rig04_0001_FKOffsetHip_R/rig04_0001_FKExtraHip_R/rig04_0001_FKHip_R/Skeleton3D" parent_id_path=PackedInt32Array(21849361) index="3" unique_id=1558664800]
transform = Transform3D(0.9918002, 0.12779751, 0, -0.12779751, 0.9918002, 0, 0, 0, 1, 0.38983968, 8.881784e-18, 5.3290704e-17)
bone_idx = 4

[node name="rig04_0001_FKPS1Knee_R" parent="rig04_0001_Group/rig04_0001_MotionSystem/rig04_0001_FKSystem/rig04_0001_FKParentConstraintToRoot_M/rig04_0001_FKOffsetHip_R/rig04_0001_FKExtraHip_R/rig04_0001_FKHip_R/Skeleton3D" parent_id_path=PackedInt32Array(21849361) index="4" unique_id=1288072923]
bone_idx = 0

[node name="rig04_0001_AlignIKToHip_L" parent="rig04_0001_Group/rig04_0001_MotionSystem/rig04_0001_FKSystem/rig04_0001_FKParentConstraintToRoot_M/rig04_0001_FKOffsetHip_L/rig04_0001_FKExtraHip_L/rig04_0001_FKHip_L/Skeleton3D" parent_id_path=PackedInt32Array(1929085799) index="0" unique_id=667218761]
bone_idx = 0

[node name="rig04_0001_AlignIKToAnkle_L" parent="rig04_0001_Group/rig04_0001_MotionSystem/rig04_0001_FKSystem/rig04_0001_FKParentConstraintToRoot_M/rig04_0001_FKOffsetHip_L/rig04_0001_FKExtraHip_L/rig04_0001_FKHip_L/Skeleton3D" parent_id_path=PackedInt32Array(1929085799) index="1" unique_id=603633002]
transform = Transform3D(0.99686855, 0.07733898, 0.016479729, -0.0724191, 0.9766017, -0.20249514, -0.03175491, 0.20066762, 0.9791445, -0.9563559, 0.072997935, -3.5527136e-17)
bone_idx = 8

[node name="rig04_0001_AlignIKToToes_L" parent="rig04_0001_Group/rig04_0001_MotionSystem/rig04_0001_FKSystem/rig04_0001_FKParentConstraintToRoot_M/rig04_0001_FKOffsetHip_L/rig04_0001_FKExtraHip_L/rig04_0001_FKHip_L/Skeleton3D" parent_id_path=PackedInt32Array(1929085799) index="2" unique_id=672375634]
transform = Transform3D(0.5814635, -0.8134311, 0.015158466, 0.79568154, 0.564692, -0.21911974, 0.169679, 0.13947144, 0.97558004, -1.0461274, -0.03995967, -0.021849643)
bone_idx = 12

[node name="rig04_0001_FKPS1Ankle_L" parent="rig04_0001_Group/rig04_0001_MotionSystem/rig04_0001_FKSystem/rig04_0001_FKParentConstraintToRoot_M/rig04_0001_FKOffsetHip_L/rig04_0001_FKExtraHip_L/rig04_0001_FKHip_L/Skeleton3D" parent_id_path=PackedInt32Array(1929085799) index="3" unique_id=774507090]
transform = Transform3D(0.9918002, 0.12779751, 0, -0.12779751, 0.9918002, 0, 0, 0, 1, -0.38983968, -1.1546319e-16, -3.5527136e-17)
bone_idx = 4

[node name="rig04_0001_FKPS1Knee_L" parent="rig04_0001_Group/rig04_0001_MotionSystem/rig04_0001_FKSystem/rig04_0001_FKParentConstraintToRoot_M/rig04_0001_FKOffsetHip_L/rig04_0001_FKExtraHip_L/rig04_0001_FKHip_L/Skeleton3D" parent_id_path=PackedInt32Array(1929085799) index="4" unique_id=34699701]
bone_idx = 0

[node name="rig04_0001_FKOffsetRoot_M" parent="rig04_0001_Group/rig04_0001_MotionSystem/rig04_0001_FKSystem" parent_id_path=PackedInt32Array(67008977) index="3" unique_id=1993768251]
transform = Transform3D(-0.004601267, -0.00025518038, 0.999989, 0.9640432, -0.26570806, 0.004368065, 0.26570413, 0.9640529, 0.0014685997, 0.06971937, 1.1413273, -0.009515155)

[node name="rig04_0001_HipSwinger_M" parent="rig04_0001_Group/rig04_0001_MotionSystem/rig04_0001_FKSystem/rig04_0001_FKOffsetRoot_M/rig04_0001_FKExtraRoot_M/rig04_0001_FKRoot_M/rig04_0001_HipSwingerOffset_M" parent_id_path=PackedInt32Array(243698726) index="0" unique_id=206547560]
transform = Transform3D(0.99412024, 0, 0.108286336, 0, 1, 0, -0.108286336, 0, 0.99412024, 0, 0, 1.26218e-31)

[node name="rig04_0001_HipSwingReversePart1" parent="rig04_0001_Group/rig04_0001_MotionSystem/rig04_0001_FKSystem/rig04_0001_FKOffsetRoot_M/rig04_0001_FKExtraRoot_M/rig04_0001_FKRoot_M/rig04_0001_HipSwingReverse" parent_id_path=PackedInt32Array(742415802) index="0" unique_id=615675658]
transform = Transform3D(0.9985282, 0, 0.05422287, 0, 1, 0, -0.05422287, 0, 0.9985282, -0.0518589, 0, 0)

[node name="rig04_0001_HipSwingReversePart2" parent="rig04_0001_Group/rig04_0001_MotionSystem/rig04_0001_FKSystem/rig04_0001_FKOffsetRoot_M/rig04_0001_FKExtraRoot_M/rig04_0001_FKRoot_M/rig04_0001_HipSwingReverse/rig04_0001_HipSwingReversePart1" index="0" unique_id=230991681]
transform = Transform3D(0.9985282, 0, 0.05422287, 0, 1, 0, -0.05422287, 0, 0.9985282, -0.0518589, 0, 0)

[node name="rig04_0001_HipSwingReverseXPart1" parent="rig04_0001_Group/rig04_0001_MotionSystem/rig04_0001_FKSystem/rig04_0001_FKOffsetRoot_M/rig04_0001_FKExtraRoot_M/rig04_0001_FKRoot_M/rig04_0001_HipSwingReverse" parent_id_path=PackedInt32Array(742415802) index="1" unique_id=977775252]
transform = Transform3D(0.9985282, 0, 0.05422287, 0, 1, 0, -0.05422287, 0, 0.9985282, -0.0518589, 0, 0)

[node name="rig04_0001_HipSwingReverseXPart2" parent="rig04_0001_Group/rig04_0001_MotionSystem/rig04_0001_FKSystem/rig04_0001_FKOffsetRoot_M/rig04_0001_FKExtraRoot_M/rig04_0001_FKRoot_M/rig04_0001_HipSwingReverse" parent_id_path=PackedInt32Array(742415802) index="2" unique_id=29483635]
transform = Transform3D(0.99412024, 0, 0.108286336, 0, 1, 0, -0.108286336, 0, 0.99412024, -0.103718, 0, 6.31089e-32)

[node name="Skeleton3D" parent="rig04_0001_Group/rig04_0001_MotionSystem/rig04_0001_FKSystem/rig04_0001_FKOffsetRoot_M" index="1" unique_id=292793204]
bones/0/position = Vector3(-0.029504186, -0.009319075, 0.008427262)
bones/0/rotation = Quaternion(-1.230782e-32, 0.05422292, -6.683491e-34, 0.99852896)
bones/2/rotation = Quaternion(-0.0046220645, -0.027077554, 0.056674644, 0.9980148)
bones/3/rotation = Quaternion(0.00303198, 0.0177525, 0.0567815, 0.998224)
bones/7/rotation = Quaternion(-0.00077143015, -0.027110465, 0.0284331, 0.99922776)
bones/8/rotation = Quaternion(0.000505762, 0.017774, 0.0284391, 0.999437)

[node name="rig04_0001_AlignIKToRoot_M" parent="rig04_0001_Group/rig04_0001_MotionSystem/rig04_0001_FKSystem/rig04_0001_FKOffsetRoot_M/Skeleton3D" index="0" unique_id=238472899]
transform = Transform3D(0.99411976, 0, 0.108286284, -2.669463e-33, 1, 2.4506943e-32, -0.108286284, -2.4651902e-32, 0.99411976, -0.029504186, -0.009319075, 0.008427262)
bone_idx = 0

[node name="rig04_0001_FKPS1Spine1_M" parent="rig04_0001_Group/rig04_0001_MotionSystem/rig04_0001_FKSystem/rig04_0001_FKOffsetRoot_M/Skeleton3D" index="1" unique_id=79335402]
transform = Transform3D(0.9399818, -0.33372563, 0.07114339, 0.33430535, 0.9424564, 0.0039490615, -0.06836747, 0.020071574, 0.9974582, 0.072367206, 0.0023539104, -0.0017978321)
bone_idx = 10

[node name="rig04_0001_FKExtraSpine1_M" parent="rig04_0001_Group/rig04_0001_MotionSystem/rig04_0001_FKSystem/rig04_0001_FKOffsetRoot_M/Skeleton3D" index="2" unique_id=2004727432]
transform = Transform3D(0.99714905, 0.02514717, 0.07114339, -0.0254924, 0.9996671, 0.0039490615, -0.071020424, -0.00575142, 0.9974582, 0.12111365, 0.019690625, -0.005343295)
bone_idx = 12

[node name="rig04_0001_AlignIKToChest_M" parent="rig04_0001_Group/rig04_0001_MotionSystem/rig04_0001_FKSystem/rig04_0001_FKOffsetRoot_M/Skeleton3D" index="3" unique_id=2077987407]
transform = Transform3D(0.9974305, 0.008432683, 0.07114339, -0.008735664, 0.999954, 0.0039490615, -0.071106836, -0.0045604, 0.9974582, 0.2547689, 0.016273692, -0.014862686)
bone_idx = 27

[node name="rig04_0001_FKPS1Chest_M" parent="rig04_0001_Group/rig04_0001_MotionSystem/rig04_0001_FKSystem/rig04_0001_FKOffsetRoot_M/Skeleton3D" index="4" unique_id=1077315303]
transform = Transform3D(0.99714905, 0.02514717, 0.07114339, -0.0254924, 0.9996671, 0.0039490615, -0.071020424, -0.00575142, 0.9974582, 0.21021715, 0.01741267, -0.011689556)
bone_idx = 23

[node name="rig04_0001_FKPS1Spine1Part2_M" parent="rig04_0001_Group/rig04_0001_MotionSystem/rig04_0001_FKSystem/rig04_0001_FKOffsetRoot_M/Skeleton3D" index="5" unique_id=776694740]
transform = Transform3D(0.99714905, 0.02514717, 0.07114339, -0.0254924, 0.9996671, 0.0039490615, -0.071020424, -0.00575142, 0.9974582, 0.1656654, 0.018551648, -0.008516425)
bone_idx = 18

[node name="rig04_0001_FKPS1Spine1Part1_M" parent="rig04_0001_Group/rig04_0001_MotionSystem/rig04_0001_FKSystem/rig04_0001_FKOffsetRoot_M/Skeleton3D" index="6" unique_id=1353851622]
transform = Transform3D(0.99714905, 0.02514717, 0.07114339, -0.0254924, 0.9996671, 0.0039490615, -0.071020424, -0.00575142, 0.9974582, 0.12111365, 0.019690625, -0.005343295)
bone_idx = 13

[node name="rig04_0001_InbetweenSpine1_M" parent="rig04_0001_Group/rig04_0001_MotionSystem/rig04_0001_FKSystem/rig04_0001_FKOffsetRoot_M/Skeleton3D" index="7" unique_id=1277981133]
transform = Transform3D(0.99714905, 0.02514717, 0.07114339, -0.0254924, 0.9996671, 0.0039490615, -0.071020424, -0.00575142, 0.9974582, 0.12111365, 0.019690625, -0.005343295)
bone_idx = 12

[node name="rig04_0001_FKPS1RootPart2_M" parent="rig04_0001_Group/rig04_0001_MotionSystem/rig04_0001_FKSystem/rig04_0001_FKOffsetRoot_M/Skeleton3D" index="8" unique_id=1573721287]
transform = Transform3D(0.970275, -0.22472842, 0.08979824, 0.22509117, 0.97431797, 0.0061987573, -0.088885084, 0.014198294, 0.9959407, 0.022049794, -0.009319075, 0.0028116526)
bone_idx = 5

[node name="rig04_0001_FKPS1RootPart1_M" parent="rig04_0001_Group/rig04_0001_MotionSystem/rig04_0001_FKSystem/rig04_0001_FKOffsetRoot_M/Skeleton3D" index="9" unique_id=1317908743]
transform = Transform3D(0.99411976, 0, 0.108286284, -2.669463e-33, 1, 2.4506943e-32, -0.108286284, -2.4651902e-32, 0.99411976, -0.029504186, -0.009319075, 0.008427262)
bone_idx = 0

[node name="rig04_0001_InbetweenRootPart0_M" parent="rig04_0001_Group/rig04_0001_MotionSystem/rig04_0001_FKSystem/rig04_0001_FKOffsetRoot_M/rig04_0001_InbetweenRoot_M" parent_id_path=PackedInt32Array(706704468) index="0" unique_id=1761464702]
transform = Transform3D(0.99412024, 0, 0.108286336, 0, 1, 0, -0.108286336, 0, 0.99412024, 0, 0, 0)

[node name="rig04_0001_InbetweenRootPart1_M" parent="rig04_0001_Group/rig04_0001_MotionSystem/rig04_0001_FKSystem/rig04_0001_FKOffsetRoot_M/rig04_0001_InbetweenRoot_M/rig04_0001_InbetweenRootPart0_M" index="0" unique_id=448355212]
transform = Transform3D(0.9921092, -0.112873904, -0.05457137, 0.11337452, 0.99353296, 0.006156541, 0.053523663, -0.012294994, 0.99848855, 0, 1.77636e-17, 0)

[node name="rig04_0001_InbetweenRootPart2_M" parent="rig04_0001_Group/rig04_0001_MotionSystem/rig04_0001_FKSystem/rig04_0001_FKOffsetRoot_M/rig04_0001_InbetweenRoot_M/rig04_0001_InbetweenRootPart0_M/rig04_0001_InbetweenRootPart1_M" index="0" unique_id=1325013002]
transform = Transform3D(0.9969135, -0.05678045, -0.05422288, 0.056864124, 0.9983819, -3.4924574e-10, 0.0541352, -0.0030833376, 0.9985282, 0, 0, 0)

[node name="rig04_0001_FKParentConstraintToWrist_L" parent="rig04_0001_Group/rig04_0001_MotionSystem/rig04_0001_FKSystem" parent_id_path=PackedInt32Array(67008977) index="4" unique_id=1776935498]
transform = Transform3D(-0.48996022, -0.37724242, -0.78589255, 0.86035025, -0.063979484, -0.50567055, 0.14047915, -0.92390233, 0.3559083, 0.3352475, 1.1062328, -0.08198153)

[node name="rig04_0001_IKParentConstraintShoulder_R" parent="rig04_0001_Group/rig04_0001_MotionSystem/rig04_0001_IKSystem/rig04_0001_IKJoints" parent_id_path=PackedInt32Array(1726921212) index="0" unique_id=294333818]
transform = Transform3D(-0.91921407, -0.088160224, -0.3837626, -0.32697746, -0.37212208, 0.8686827, -0.21939032, 0.9239865, 0.31323335, 0.023678826, 1.4553113, 0.052305862)

[node name="Skeleton3D" parent="rig04_0001_Group/rig04_0001_MotionSystem/rig04_0001_IKSystem/rig04_0001_IKJoints/rig04_0001_IKParentConstraintShoulder_R/rig04_0001_IKXOffsetShoulder_R" parent_id_path=PackedInt32Array(728380636) index="0" unique_id=1292623088]
bones/0/rotation = Quaternion(0.17290944, -0.081248105, -0.17067975, 0.9666279)
bones/1/rotation = Quaternion(8.2823115e-16, 2.5202313e-15, 0.30812806, 0.95134497)
bones/2/rotation = Quaternion(0.65111965, 0.027696414, 0.0060928827, 0.7584451)

[node name="rig04_0001_IKX2Shoulder_R" parent="rig04_0001_Group/rig04_0001_MotionSystem/rig04_0001_IKSystem/rig04_0001_IKJoints/rig04_0001_IKParentConstraintShoulder_R/rig04_0001_IKXOffsetShoulder_R/Skeleton3D" index="0" unique_id=1434896054]
transform = Transform3D(0.9285343, 0.3018705, -0.21609764, -0.35806474, 0.8819415, -0.30654335, 0.09804909, 0.36201298, 0.92700213, -2.842171e-16, -7.105427e-17, -1.4210854e-16)
bone_idx = 0

[node name="rig04_0001_IKX2Elbow_R" parent="rig04_0001_Group/rig04_0001_MotionSystem/rig04_0001_IKSystem/rig04_0001_IKJoints/rig04_0001_IKParentConstraintShoulder_R/rig04_0001_IKXOffsetShoulder_R/Skeleton3D" index="1" unique_id=894698864]
transform = Transform3D(0.929197, -0.29982418, -0.21609764, 0.22698435, 0.92439663, -0.30654335, 0.29166907, 0.2357884, 0.92700213, 0.18681237, -0.072039254, 0.019726554)
bone_idx = 1

[node name="rig04_0001_IKX2Wrist_R" parent="rig04_0001_Group/rig04_0001_MotionSystem/rig04_0001_IKSystem/rig04_0001_IKJoints/rig04_0001_IKParentConstraintShoulder_R/rig04_0001_IKXOffsetShoulder_R/Skeleton3D" index="2" unique_id=983385088]
transform = Transform3D(0.9214817, -0.23415866, 0.30990472, 0.2789497, -0.1562609, -0.94750696, 0.27029303, 0.9595583, -0.07867305, 0.36979222, -0.027340915, 0.07716277)
bone_idx = 2

[node name="rig04_0001_PoleAnnotationArm_R" parent="rig04_0001_Group/rig04_0001_MotionSystem/rig04_0001_IKSystem/rig04_0001_IKJoints/rig04_0001_IKParentConstraintShoulder_R/rig04_0001_IKXOffsetShoulder_R/Skeleton3D" index="3" unique_id=615107210]
transform = Transform3D(0.929197, -0.29982418, -0.21609764, 0.22698435, 0.92439663, -0.30654335, 0.29166907, 0.2357884, 0.92700213, 0.18681237, -0.072039254, 0.019726554)
bone_idx = 1

[node name="rig04_0001_IKParentConstraintHip_R" parent="rig04_0001_Group/rig04_0001_MotionSystem/rig04_0001_IKSystem/rig04_0001_IKJoints" parent_id_path=PackedInt32Array(1726921212) index="1" unique_id=533173922]
transform = Transform3D(-0.112859026, -0.00024181968, 0.9936118, 0.95790046, -0.26570797, 0.10873851, 0.26398385, 0.96405315, 0.030219253, 0.078284666, 1.115397, -0.026326353)

[node name="Skeleton3D" parent="rig04_0001_Group/rig04_0001_MotionSystem/rig04_0001_IKSystem/rig04_0001_IKJoints/rig04_0001_IKParentConstraintHip_R/rig04_0001_IKXOffsetHip_R" parent_id_path=PackedInt32Array(1618982639) index="0" unique_id=1013307613]
bones/0/rotation = Quaternion(0.15968388, -0.17637303, 0.27928764, 0.93026453)
bones/1/rotation = Quaternion(-3.2266638e-16, 1.2601576e-15, -0.37673193, 0.9263224)
bones/2/rotation = Quaternion(0.013586907, 0.0848672, 0.11938342, 0.98912114)
bones/4/rotation = Quaternion(0.0244853, 0.0501309, 0.114002, 0.991913)

[node name="rig04_0001_IKX2Hip_R" parent="rig04_0001_Group/rig04_0001_MotionSystem/rig04_0001_IKSystem/rig04_0001_IKJoints/rig04_0001_IKParentConstraintHip_R/rig04_0001_IKXOffsetHip_R/Skeleton3D" index="0" unique_id=219941067]
transform = Transform3D(0.7817819, -0.5759506, -0.23895168, 0.4632949, 0.79299897, -0.39561415, 0.4173426, 0.1985789, 0.88678724, 1.4210854e-16, 1.7763568e-17, 0)
bone_idx = 0

[node name="rig04_0001_IKX2Knee_R" parent="rig04_0001_Group/rig04_0001_MotionSystem/rig04_0001_IKSystem/rig04_0001_IKJoints/rig04_0001_IKParentConstraintHip_R/rig04_0001_IKXOffsetHip_R/Skeleton3D" index="1" unique_id=2006026970]
transform = Transform3D(0.96185493, 0.13318017, -0.23895168, -0.22168708, 0.8912599, -0.39561415, 0.16028005, 0.43349588, 0.88678724, 0.30476964, 0.18061075, 0.16269672)
bone_idx = 1

[node name="rig04_0001_IKX2Ankle_R" parent="rig04_0001_Group/rig04_0001_MotionSystem/rig04_0001_IKSystem/rig04_0001_IKJoints/rig04_0001_IKParentConstraintHip_R/rig04_0001_IKXOffsetHip_R/Skeleton3D" index="2" unique_id=1548292054]
transform = Transform3D(0.9916842, -0.106872246, -0.07169822, 0.06550446, 0.89872015, -0.43360245, 0.1107766, 0.42530012, 0.8982473, 0.8541811, 0.053983092, 0.25424868)
bone_idx = 2

[node name="rig04_0001_IKX2Toes_R" parent="rig04_0001_Group/rig04_0001_MotionSystem/rig04_0001_IKSystem/rig04_0001_IKJoints/rig04_0001_IKParentConstraintHip_R/rig04_0001_IKXOffsetHip_R/Skeleton3D" index="3" unique_id=738336351]
transform = Transform3D(0.41979778, -0.9049246, -0.06986556, 0.7968907, 0.40433532, -0.44886306, 0.4344363, 0.13275658, 0.890865, 0.92112684, 0.16858591, 0.31491342)
bone_idx = 3

[node name="rig04_0001_IKX2ToesEnd_R" parent="rig04_0001_Group/rig04_0001_MotionSystem/rig04_0001_IKSystem/rig04_0001_IKJoints/rig04_0001_IKParentConstraintHip_R/rig04_0001_IKXOffsetHip_R/Skeleton3D" index="4" unique_id=717914626]
transform = Transform3D(0.2064549, -0.97842103, 0.008275263, 0.90674293, 0.1881383, -0.37738723, 0.36768675, 0.085417055, 0.92601836, 0.9593252, 0.24109665, 0.35444415)
bone_idx = 4

[node name="rig04_0001_PoleAnnotationLeg_R" parent="rig04_0001_Group/rig04_0001_MotionSystem/rig04_0001_IKSystem/rig04_0001_IKJoints/rig04_0001_IKParentConstraintHip_R/rig04_0001_IKXOffsetHip_R/Skeleton3D" index="5" unique_id=788867724]
transform = Transform3D(0.96185493, 0.13318017, -0.23895168, -0.22168708, 0.8912599, -0.39561415, 0.16028005, 0.43349588, 0.88678724, 0.30476964, 0.18061075, 0.16269672)
bone_idx = 1

[node name="Skeleton3D" parent="rig04_0001_Group/rig04_0001_MotionSystem/rig04_0001_IKSystem/rig04_0001_IKJoints/rig04_0001_IKParentConstraintRoot_M/rig04_0001_IKXOffsetRoot_M" parent_id_path=PackedInt32Array(2115869103) index="0" unique_id=1716174950]
bones/0/position = Vector3(-0.047362085, 0.004946988, 0.06971937)
bones/0/rotation = Quaternion(-0.00031665576, 0.0022822751, 0.08233883, 0.99660176)
bones/3/position = Vector3(0.051858377, -1.9384104e-11, 9.555494e-06)
bones/4/position = Vector3(0.044684667, 2.1247001e-06, -0.00010412745)
bones/6/position = Vector3(0.044674095, -1.9301337e-06, 9.459056e-05)

[node name="rig04_0001_IKX2Root_M" parent="rig04_0001_Group/rig04_0001_MotionSystem/rig04_0001_IKSystem/rig04_0001_IKJoints/rig04_0001_IKParentConstraintRoot_M/rig04_0001_IKXOffsetRoot_M/Skeleton3D" index="0" unique_id=27887946]
transform = Transform3D(0.9864302, -0.16411948, 0.004496892, 0.16411659, 0.9864404, 0.001006999, -0.0046011843, -0.00025531958, 0.9999894, -0.047362085, 0.004946988, 0.06971937)
bone_idx = 0

[node name="rig04_0001_IKX2RootPart1_M" parent="rig04_0001_Group/rig04_0001_MotionSystem/rig04_0001_IKSystem/rig04_0001_IKJoints/rig04_0001_IKParentConstraintRoot_M/rig04_0001_IKXOffsetRoot_M/Skeleton3D" index="1" unique_id=83285548]
transform = Transform3D(0.9864302, -0.16411948, 0.004496892, 0.16411659, 0.9864404, 0.001006999, -0.0046011843, -0.00025531958, 0.9999894, 0.0037931204, 0.013457897, 0.069480754)
bone_idx = 1

[node name="rig04_0001_IKX2RootPart2_M" parent="rig04_0001_Group/rig04_0001_MotionSystem/rig04_0001_IKSystem/rig04_0001_IKJoints/rig04_0001_IKParentConstraintRoot_M/rig04_0001_IKXOffsetRoot_M/Skeleton3D" index="2" unique_id=348336841]
transform = Transform3D(0.9864302, -0.16411948, 0.004496892, 0.16411659, 0.9864404, 0.001006999, -0.0046011843, -0.00025531958, 0.9999894, 0.054948326, 0.021968806, 0.06924214)
bone_idx = 2

[node name="rig04_0001_IKX2Spine1_M" parent="rig04_0001_Group/rig04_0001_MotionSystem/rig04_0001_IKSystem/rig04_0001_IKJoints/rig04_0001_IKParentConstraintRoot_M/rig04_0001_IKXOffsetRoot_M/Skeleton3D" index="3" unique_id=1962871688]
transform = Transform3D(0.9797578, 0.20013644, 0.004496892, -0.20014277, 0.9797662, 0.001006999, -0.004204366, -0.0018866356, 0.9999894, 0.10610304, 0.030479636, 0.06901309)
bone_idx = 3

[node name="rig04_0001_IKX2Spine1Part1_M" parent="rig04_0001_Group/rig04_0001_MotionSystem/rig04_0001_IKSystem/rig04_0001_IKJoints/rig04_0001_IKParentConstraintRoot_M/rig04_0001_IKXOffsetRoot_M/Skeleton3D" index="4" unique_id=1427619198]
transform = Transform3D(0.9797578, 0.20013644, 0.004496892, -0.20014277, 0.9797662, 0.001006999, -0.004204366, -0.0018866356, 0.9999894, 0.14988315, 0.021538299, 0.068721086)
bone_idx = 4

[node name="rig04_0001_IKX2Spine1Part2_M" parent="rig04_0001_Group/rig04_0001_MotionSystem/rig04_0001_IKSystem/rig04_0001_IKJoints/rig04_0001_IKParentConstraintRoot_M/rig04_0001_IKXOffsetRoot_M/Skeleton3D" index="5" unique_id=685259386]
transform = Transform3D(0.9797578, 0.20013642, 0.004496892, -0.20014276, 0.9797662, 0.001006999, -0.004204366, -0.0018866356, 0.9999894, 0.19365788, 0.012596094, 0.06853324)
bone_idx = 5

[node name="rig04_0001_IKX2Chest_M" parent="rig04_0001_Group/rig04_0001_MotionSystem/rig04_0001_IKSystem/rig04_0001_IKJoints/rig04_0001_IKParentConstraintRoot_M/rig04_0001_IKXOffsetRoot_M/Skeleton3D" index="6" unique_id=1953854640]
transform = Transform3D(0.98297423, 0.18368882, 0.004496892, -0.18369502, 0.98298275, 0.001006999, -0.004235393, -0.0018159107, 0.9999894, 0.23742771, 0.0036531007, 0.068440005)
bone_idx = 6

[node name="Skeleton3D" parent="rig04_0001_Group/rig04_0001_MotionSystem/rig04_0001_IKSystem/rig04_0001_IKJoints/rig04_0001_IKParentConstraintRoot_M" parent_id_path=PackedInt32Array(1922026204) index="1" unique_id=308972268]
bones/0/rotation = Quaternion(-0.00031665576, 0.0022822751, 0.08233883, 0.99660176)

